kinematics:
  shoulder:
    x: 0
    y: 0
    z: 0.18099119927980262
    roll: -0
    pitch: 0
    yaw: 1.1364371323336914e-07
  upper_arm:
    x: -8.1398617711697896e-05
    y: 0
    z: 0
    roll: 1.5709824695021639
    pitch: 0
    yaw: 3.8658236010353931e-06
  forearm:
    x: -0.61259185771433344
    y: 0
    z: 0
    roll: 3.1389746795633271
    pitch: 3.1392361285355834
    yaw: -3.1415872511851273
  wrist_1:
    x: -0.57120199669419724
    y: 0.00037137755660110553
    z: 0.17440838855271351
    roll: 3.1394633007622734
    pitch: 3.1411964521698352
    yaw: 3.1415904436444229
  wrist_2:
    x: 5.9375903341182503e-05
    y: -0.11989230822993148
    z: -1.8756290722079184e-05
    roll: 1.5709527696130055
    pitch: 0
    yaw: -2.2813659349522901e-06
  wrist_3:
    x: -7.2561824262318663e-05
    y: 0.1156107623016427
    z: -6.8850813742841261e-06
    roll: 1.5707367728119535
    pitch: 3.1415926535897931
    yaw: 3.1415925996838765
  hash: calib_10831081820046803218